-74.0117 40.7077
-74.0088 40.7049
-74.0145 40.7047
-74.0151 40.7094
-74.003 40.7105
-74.0127 40.7187
-74.0132 40.7087
-74.0132 40.7164
-74.0052 40.7093
-74.0138 40.7024
-74.0042 40.7113
-74.0084 40.7095
-74.0104 40.7038
-74.0043 40.7102
-74.0136 40.7012
-74.0153 40.7052
-74.0077 40.7033
-74.0088 40.7112
-74.0043 40.7111
-74.0076 40.7083
-74.004 40.7104
-73.9998 40.7081
-74.006 40.7079
-74.0135 40.707
-74.0077 40.7032
-74.0157 40.7072
-74.016 40.7071
-74.0117 40.7128
-74.0016 40.7095
-74.0014 40.7069
-74.0048 40.7096
-74.0173 40.7084
-74.0139 40.7071
-74.0038 40.7115
-74.0102 40.7018
-74.0144 40.7154
-74.001 40.7074
-74.015 40.7068
-74.0126 40.705
-74.0121 40.709
-74.0119 40.7093
-74.0168 40.7093
-74.0097 40.7022
-74.009 40.7041
-74.0154 40.7073
-74.0016 40.7095
-74.0142 40.7063
-74.0179 40.7095
-74.0129 40.7025
-74.0089 40.7041
-74.0015 40.7096
-74.0101 40.7121
-74.0151 40.7073
-74.006 40.7086
-74.0135 40.7153
-74.0126 40.7017
-74.0015 40.7097
-74.0079 40.7032
-74.0131 40.7165
-74.016 40.709
-74.0105 40.7092
-74.0131 40.7036
-74.0121 40.7091
-74.0082 40.7077
-74.005 40.7069
-74.0166 40.7054
-74.0015 40.7079
-74.0154 40.7087
-73.9998 40.7083
-74.0119 40.7074
-74.0092 40.7093
-74.0058 40.7085
-74.0001 40.7077
-74.0038 40.7107
-74.0079 40.7081
-74.014 40.7135
-74.0097 40.702
-74.0131 40.7091
-74.0096 40.7022
-74.0025 40.7088
-74.0068 40.7115
-74.0139 40.7138
-74.0037 40.711
-74.013 40.7031
-74.0152 40.7071
-74.0049 40.7097
-74.0068 40.7056
-74.0112 40.7018
-74.0056 40.7104
-73.9999 40.7082
-74.0166 40.7082
-74.0048 40.7084
-74.0148 40.7062
-74.0052 40.7094
-74.014 40.7046
-74.0044 40.7054
-74.001 40.7074
-74.0036 40.7112
-74.0037 40.7113
-74.0125 40.7032
-74.0139 40.7011
-74.007 40.7117
-73.9998 40.7081
-74.0106 40.7037
-74.0139 40.7095
-74.0121 40.7015
-74.0141 40.7091
-74.0173 40.7084
-74.0034 40.7112
-74.0142 40.7067
-74.0079 40.7056
-74.0029 40.7061
-74.0116 40.704
-74.01 40.702
-74.0167 40.705
-74.0042 40.7101
-74.0128 40.7014
-74.0181 40.7087
-74.0043 40.7078
-74.0106 40.7017
-74 40.7078
-74.0136 40.708
-74.0014 40.7096
-74.0034 40.7108
-74.0149 40.7101
-74.0102 40.7033
-74.0081 40.7054
-74.0055 40.7058
-74.0152 40.7085
-74 40.708
-74.0097 40.7048
-74.0008 40.7088
-74.0062 40.7053
-74.007 40.7037
-74.0039 40.7072
-74.0174 40.7103
-74.0068 40.7067
-74.0141 40.7048
-74.0108 40.711
-74.0095 40.7103
-74.0055 40.7091
-74.0126 40.701
-74.0113 40.7083
-74.0059 40.7072
-74.0095 40.7064
-74.0055 40.712
-74.0125 40.7068
-74.0059 40.7119
-74.013 40.7093
-74.0109 40.7068
-74.0031 40.7062
-74 40.708
-74.0152 40.7071
-74.0102 40.7077
-74.0112 40.7103
-74.0118 40.7065
-74.0112 40.7009
-74.0113 40.7075
-74.0023 40.7067
-74.0036 40.7114
-74.0185 40.7064
-74.0127 40.7013
-74.0037 40.7111
-74.0077 40.7043
-74.0034 40.7111
-74.0001 40.7082
-74.0126 40.7131
-74.0116 40.7043
-74.0029 40.7104
-74.0141 40.7046
-74.0156 40.7155
-74.0121 40.7014
-74.0152 40.716
-74.0147 40.7098
-74.0002 40.7078
-74.0034 40.7109
-74.0098 40.7081
-74.0174 40.7085
-74.0165 40.7052
-74.0031 40.7061
-74.0037 40.7078
-74.0027 40.7072
-74.0152 40.7054
-74.0073 40.7087
-74.0051 40.7094
-74.0057 40.7064
-74.0179 40.7062
-74.0129 40.7027
-74.006 40.7041
-74.0125 40.7015
-73.9999 40.7081
-74.0167 40.7054
-74.0148 40.7094
-74.0042 40.7054
-74.017 40.7091
-74.015 40.7181
-74.0146 40.7111
-74.0009 40.7092
-74.0151 40.7065
-74.0149 40.7092
-74.0097 40.7088
-74.013 40.7173
-74.0052 40.706
-74.0014 40.7097
-74.013 40.7182
-74.0078 40.7091
-74.013 40.7078
-74.0062 40.7043
-74.0134 40.7152
-74.005 40.7119
-74.0032 40.7108
-74.0143 40.717
-74.017 40.7091
-74.0103 40.7048
-74.016 40.7111
-74.015 40.7165
-74.0035 40.7082
-74.0064 40.707
-74.0002 40.7079
-74.0069 40.7048
-74.0001 40.7076
-74.008 40.708
-74.0035 40.7109
-74.0168 40.7051
-74.0039 40.7109
-74.0134 40.7105
-74.0055 40.7047
-74.0145 40.7171
-73.9996 40.7082
-74.0034 40.7111
-74.0043 40.7111
-74.0133 40.7046
-74.0165 40.705
-74.0164 40.7051
-74.0041 40.711
-74.0055 40.7074
-74.0017 40.7094
-74.0003 40.7084
-74.0154 40.7084
-74.0148 40.7104
-74.0134 40.7152
-74.0036 40.7068
-74.0144 40.7104
-74.0085 40.7113
-74.0132 40.7041
-74.0136 40.7012
-74.0163 40.717
-74.0107 40.7071
-74.0152 40.7071
-74.0154 40.7083
-74.0001 40.7079
-74.01 40.7098
-74.0119 40.7128
-74.0149 40.7072
-74.007 40.7099
-74.0149 40.7062
-74.0011 40.7092
-74.0142 40.7045
-74.0165 40.7163
-74 40.7086
-74.0116 40.7035
-74.0083 40.7038
-74.0141 40.7177
-74.0133 40.7163
-74.0094 40.7086
-74.0133 40.705
-74.0141 40.7113
-74.0079 40.7029
-74.0051 40.7088
-74.0132 40.7165
-74.015 40.7098
-73.9997 40.7081
-74.0075 40.7072
-74 40.7079
-74.0036 40.7109
-74.0167 40.7093
-74.0149 40.7048
-74.0175 40.7103
-74.0041 40.7074
-74.0176 40.7068
-74.0138 40.7176
-74.0116 40.7097
-74.0086 40.7037
-74.0151 40.7073
-74.0068 40.7079
-74.0168 40.7093
-74.0064 40.7096
-74.0174 40.7085
-74.0142 40.7109
-74.0146 40.7099
-74.0144 40.711
-74.0132 40.7183
-74.0167 40.7065
-74.0037 40.7113
-74.0092 40.7023
-74.006 40.7087
-74.0005 40.7083
-74.011 40.7106
-74.0159 40.7151
-74.0179 40.707
-74.0156 40.7073
-74.0005 40.7076
-74.0046 40.7064
-74.0169 40.7047
-74.0156 40.7075
-74.01 40.7018
-74.0101 40.7046
-74.0122 40.7013
-74.0157 40.7118
-74.006 40.7061
-74.008 40.7114
-74.0164 40.7128
-73.9994 40.708
-74.0147 40.7075
-74.0107 40.7089
-74.0161 40.7068
-74.0134 40.7159
-74.0079 40.7031
-74.0081 40.7047
-74.0122 40.7014
-74.0173 40.7084
-74.0071 40.7064
-74.0154 40.7158
-74.0119 40.7013
-74.0017 40.7077
-74.0091 40.7055
-74.009 40.7076
-74.0107 40.7041
-74.0113 40.7063
-74.0074 40.7106
-74.0086 40.7114
-74.0052 40.7089
-74.0143 40.7178
-74.0039 40.7058
-74.0034 40.7081
-74.0059 40.704
-74.0001 40.7079
-74.0162 40.7147
-74.0178 40.7079
-74.0166 40.705
-74.0126 40.7018
-74.0064 40.7075
-74.0148 40.7062
-74.0095 40.7023
-73.9993 40.708
-74.01 40.7052
-74.0036 40.7109
-74.0158 40.7177
-73.9995 40.7081
-74.0078 40.703
-74.014 40.7119
-74.0019 40.7082
-74.0155 40.7076
-74.0152 40.7069
-74.0144 40.712
-74.0127 40.7101
-74.0163 40.7101
-74.0088 40.7042
-74.0001 40.7081
-74.0052 40.7049
-74.0089 40.709
-74.0018 40.7096
-74.0168 40.714
-74.0011 40.7075
-74.003 40.7061
-74.0158 40.7115
-74.0094 40.702
-74.0143 40.7046
-74.0013 40.7073
-74 40.708
-74.0153 40.7049
-74.0029 40.7106
-74.0146 40.7061
-74.0108 40.7088
-74.0104 40.7115
-74.015 40.7052
-74.0115 40.7029
-74.0152 40.7098
-74.0061 40.7042
-74.0159 40.7111
-74.0003 40.7077
-74.0167 40.7081
-74.0037 40.7069
-74.0156 40.7049
-74.0126 40.7012
-74.0167 40.7155
-74.0065 40.7112
-74.0175 40.7076
-74.0025 40.7102
-74.0128 40.7024
-74.0077 40.7102
-74.0002 40.7087
-74.0115 40.7047
-74.0147 40.7074
-74.009 40.7053
-74.0171 40.7075
-74.009 40.7109
-74.0018 40.7067
-74.0078 40.7108
-74.0086 40.7073
-74.0144 40.706
-74.0157 40.7071
-74.0038 40.7105
-74.0165 40.7072
-74.0059 40.7117
-74.011 40.7086
-74.0125 40.7068
-74.0156 40.7077
-74.0068 40.7036
-74.017 40.7058
-74.0065 40.7082
-74.0159 40.7072
-74.0074 40.706
-74.0027 40.7106
-74.0169 40.7152
-74.0158 40.7077
-74.0133 40.7059
-74.006 40.7055
-74.0153 40.7072
-74.0114 40.7015
-74.0157 40.7066
-74.0123 40.7028
-74.0088 40.706
-74.0094 40.7104
-74.0144 40.7065
-74.0151 40.7048
-74.0011 40.7074
-74.0169 40.709
-74.0158 40.7115
-74.0155 40.7119
-74.0121 40.7015
-74.0099 40.7058
-74.0166 40.7081
-74.0144 40.7119
-74.0051 40.7094
-74.0021 40.7067
-74.0174 40.7084
-74.0125 40.7047
-74.0115 40.705
-74.0144 40.7082
-74.015 40.7062
-74.0002 40.7086
-74.0043 40.7114
-74.0031 40.7077
-74.0159 40.7067
-74.0148 40.7164
-74.0144 40.7061
-74.0093 40.7024
-74.015 40.7074
-74.0163 40.7111
-74.0128 40.7097
-74.0021 40.7098
-74.0116 40.7097
-74.005 40.7109
-74.0155 40.7077
-74.0173 40.7049
-74.0061 40.7099
-74.0129 40.7176
-74.0133 40.7159
-74.0166 40.7154
-74.0136 40.7101
-74.0136 40.7069
-74.0093 40.7021
-74.0156 40.7049
-74.0154 40.7049
-74.0074 40.7052
-74.0161 40.7092
-74.0047 40.7052
-74.0134 40.7071
-74.0039 40.7111
-74.0035 40.711
-74.0158 40.7077
-74.009 40.707
-74.0146 40.7067
-74.0094 40.7046
-74.0164 40.7101
