8.369075e-01 8.236229e-01
7.636871e-01 7.128311e-01
1.423982e+00 2.224774e-01
2.676760e+00 -7.145248e-01
3.751314e+00 5.221479e-01
5.560974e+00 3.035110e-01
5.662536e+00 -5.290247e-01
6.529089e+00 2.569383e-01
8.863236e+00 3.507255e-02
8.824883e+00 -7.053713e-01
9.207568e+00 8.845019e-02
1.131776e+01 -8.740787e-01
1.160320e+01 6.330940e-01
1.280088e+01 -2.294951e-01
1.395673e+01 -6.195956e-01
1.400521e+01 -3.187286e-01
1.601824e+01 -6.978155e-01
1.727506e+01 7.149659e-01
1.861554e+01 -4.742134e-01
1.833531e+01 -9.737725e-01
-7.308745e-01 1.248835e+00
7.474738e-01 7.325370e-01
1.068645e+00 2.332601e-01
2.885198e+00 1.525275e+00
4.320898e+00 3.463153e-01
5.984787e+00 9.412242e-01
6.940616e+00 3.465029e-01
7.400995e+00 1.543436e+00
7.298824e+00 1.801790e+00
8.268071e+00 1.125830e-01
9.650443e+00 1.942449e+00
1.188594e+01 3.562384e-02
1.103690e+01 2.356863e-01
1.232889e+01 1.140897e+00
1.327686e+01 1.557714e+00
1.588807e+01 4.749253e-01
1.586362e+01 1.056244e+00
1.619441e+01 6.971326e-01
1.824634e+01 7.189221e-01
1.968824e+01 1.939962e+00
-3.585599e-01 2.818387e+00
9.009940e-01 2.361433e+00
1.690838e+00 1.558708e+00
2.996694e+00 2.738528e+00
4.660301e+00 1.336149e+00
5.960949e+00 2.634167e+00
6.126937e+00 1.097931e+00
6.036847e+00 2.501069e+00
8.178489e+00 2.512348e+00
9.540585e+00 1.653664e+00
9.319696e+00 1.066963e+00
1.093899e+01 2.374475e+00
1.254550e+01 1.997840e+00
1.395475e+01 1.582279e+00
1.437762e+01 1.316159e+00
1.458562e+01 2.681214e+00
1.655058e+01 2.438926e+00
1.676370e+01 2.200675e+00
1.812293e+01 1.293628e+00
1.850803e+01 2.573105e+00
-5.396115e-01 2.106593e+00
1.164237e+00 2.558028e+00
1.661247e+00 2.023922e+00
3.155997e+00 2.836320e+00
3.713968e+00 3.555400e+00
4.273453e+00 3.223370e+00
6.332683e+00 3.254486e+00
6.327574e+00 2.313573e+00
8.752119e+00 3.672926e+00
9.229313e+00 3.282301e+00
9.468208e+00 2.288780e+00
1.161297e+01 3.669490e+00
1.204664e+01 2.156766e+00
1.310638e+01 2.185056e+00
1.420075e+01 3.622283e+00
1.579277e+01 2.118338e+00
1.689445e+01 2.761245e+00
1.770675e+01 2.304173e+00
1.891537e+01 2.195338e+00
1.892547e+01 3.268434e+00
-1.393796e-01 3.537550e+00
1.317594e+00 4.080496e+00
1.811371e+00 4.335784e+00
2.986071e+00 4.376307e+00
4.671170e+00 3.541160e+00
4.083671e+00 3.800721e+00
5.873936e+00 3.073824e+00
7.893954e+00 4.663024e+00
7.700579e+00 4.001763e+00
9.843932e+00 3.516875e+00
9.441379e+00 4.091704e+00
1.110496e+01 4.348809e+00
1.244942e+01 3.330257e+00
1.339296e+01 4.670560e+00
1.465833e+01 4.543752e+00
1.567986e+01 3.433060e+00
1.526679e+01 4.966463e+00
1.651478e+01 4.962578e+00
1.734005e+01 4.349337e+00
1.883692e+01 3.485882e+00
7.503540e-01 4.669619e+00
4.578164e-01 5.995066e+00
1.432249e+00 4.476569e+00
2.294423e+00 5.740114e+00
4.501090e+00 4.797650e+00
4.322027e+00 5.671349e+00
5.186068e+00 5.589260e+00
6.758720e+00 4.528231e+00
8.436509e+00 5.394005e+00
8.850924e+00 5.536480e+00
1.086268e+01 4.075861e+00
1.080995e+01 4.760309e+00
1.269236e+01 5.247913e+00
1.330299e+01 4.300003e+00
1.410422e+01 4.056168e+00
1.455599e+01 4.790511e+00
1.560102e+01 5.089661e+00
1.678674e+01 4.325388e+00
1.746471e+01 4.551809e+00
1.909635e+01 5.643811e+00
-7.662400e-01 6.967643e+00
2.745856e-01 5.048349e+00
2.289937e+00 6.245569e+00
2.572708e+00 6.020992e+00
3.836270e+00 5.508698e+00
5.034188e+00 6.523642e+00
6.339071e+00 5.023381e+00
7.975798e+00 6.967814e+00
7.384445e+00 5.816126e+00
9.679254e+00 5.963839e+00
9.985341e+00 5.074653e+00
1.129584e+01 5.086956e+00
1.117810e+01 6.475890e+00
1.216324e+01 5.129790e+00
1.463607e+01 6.450007e+00
1.559756e+01 5.104571e+00
1.627356e+01 5.752349e+00
1.760055e+01 6.415549e+00
1.829555e+01 5.762030e+00
1.911657e+01 6.081370e+00
-8.522653e-01 7.273943e+00
1.543593e+00 7.831850e+00
2.479729e+00 7.824284e+00
3.880990e+00 6.695225e+00
3.127947e+00 7.521081e+00
5.633478e+00 6.992441e+00
6.991715e+00 6.268972e+00
6.765779e+00 7.546588e+00
7.381198e+00 6.501091e+00
9.771784e+00 6.102176e+00
1.036640e+01 6.130704e+00
1.167459e+01 7.631322e+00
1.244907e+01 7.106569e+00
1.214167e+01 7.724092e+00
1.373109e+01 7.152164e+00
1.569380e+01 6.876842e+00
1.655484e+01 7.428113e+00
1.734696e+01 6.638727e+00
1.740462e+01 7.089269e+00
1.927984e+01 7.784135e+00
-5.307827e-01 7.153888e+00
1.819611e+00 8.372315e+00
2.722688e+00 8.755455e+00
2.267123e+00 7.317949e+00
4.514559e+00 7.134926e+00
5.373037e+00 7.460356e+00
6.342114e+00 8.091171e+00
6.687864e+00 8.251802e+00
8.491783e+00 7.906645e+00
8.710098e+00 8.108737e+00
9.184672e+00 8.199182e+00
1.164802e+01 7.327321e+00
1.108379e+01 8.646433e+00
1.397287e+01 8.301917e+00
1.440748e+01 7.886285e+00
1.594126e+01 7.284327e+00
1.624810e+01 8.978378e+00
1.620401e+01 8.450319e+00
1.851002e+01 8.213996e+00
1.856965e+01 7.978114e+00
4.706065e-01 9.427465e+00
1.124886e-01 8.991739e+00
2.912373e+00 9.433110e+00
2.677826e+00 8.386110e+00
4.202161e+00 9.017043e+00
4.837228e+00 8.328069e+00
5.884097e+00 8.741790e+00
7.155782e+00 8.472306e+00
7.257742e+00 8.617316e+00
8.017515e+00 8.916734e+00
9.747889e+00 8.079054e+00
1.113972e+01 9.716957e+00
1.118854e+01 8.089258e+00
1.311784e+01 9.255389e+00
1.332480e+01 8.495413e+00
1.589873e+01 9.097154e+00
1.556229e+01 9.351795e+00
1.700604e+01 8.571012e+00
1.700465e+01 9.508633e+00
1.999794e+01 9.410955e+00
5.225608e-01 9.128389e+00
1.619460e+00 1.000764e+01
1.957502e+00 1.076272e+01
2.997703e+00 1.030201e+01
4.212750e+00 9.436099e+00
4.802583e+00 1.031201e+01
6.346371e+00 9.185359e+00
7.603743e+00 9.357388e+00
7.534135e+00 9.779982e+00
9.226281e+00 1.074285e+01
1.012602e+01 1.046519e+01
1.090826e+01 1.030530e+01
1.202756e+01 1.004026e+01
1.223085e+01 1.083654e+01
1.432869e+01 1.001564e+01
1.529849e+01 1.048501e+01
1.678327e+01 9.486334e+00
1.657622e+01 9.853790e+00
1.745266e+01 9.509018e+00
1.875272e+01 1.068553e+01
-2.941641e-01 1.108780e+01
5.688994e-01 1.088339e+01
1.398839e+00 1.062166e+01
3.421849e+00 1.128677e+01
4.951863e+00 1.098005e+01
5.845520e+00 1.140513e+01
6.896456e+00 1.150222e+01
7.175130e+00 1.009935e+01
8.160321e+00 1.122323e+01
9.367415e+00 1.017276e+01
9.696092e+00 1.039116e+01
1.121403e+01 1.187834e+01
1.241577e+01 1.146333e+01
1.322177e+01 1.112970e+01
1.483097e+01 1.079552e+01
1.502524e+01 1.193170e+01
1.544066e+01 1.057504e+01
1.736031e+01 1.195584e+01
1.723591e+01 1.004413e+01
1.818375e+01 1.055728e+01
-9.486282e-02 1.248842e+01
6.775091e-02 1.236573e+01
2.362154e+00 1.207124e+01
3.623429e+00 1.286441e+01
3.069147e+00 1.257514e+01
5.556080e+00 1.256550e+01
5.206165e+00 1.201519e+01
7.348661e+00 1.112704e+01
7.092719e+00 1.241864e+01
8.984854e+00 1.180051e+01
9.071794e+00 1.177256e+01
1.167915e+01 1.187092e+01
1.118393e+01 1.228864e+01
1.224476e+01 1.194701e+01
1.487123e+01 1.106818e+01
1.517311e+01 1.258391e+01
1.549108e+01 1.203239e+01
1.799056e+01 1.247162e+01
1.871268e+01 1.156687e+01
1.899904e+01 1.238174e+01
-6.739127e-01 1.206265e+01
5.304733e-01 1.247778e+01
2.555401e+00 1.271664e+01
2.806708e+00 1.330473e+01
3.188042e+00 1.249361e+01
4.719464e+00 1.327420e+01
5.730378e+00 1.251803e+01
6.628562e+00 1.309102e+01
7.596489e+00 1.207255e+01
8.925239e+00 1.388844e+01
1.057744e+01 1.241568e+01
1.152174e+01 1.309596e+01
1.297115e+01 1.226094e+01
1.243102e+01 1.361420e+01
1.410437e+01 1.323184e+01
1.432094e+01 1.372195e+01
1.610664e+01 1.317327e+01
1.772220e+01 1.250045e+01
1.779528e+01 1.331058e+01
1.809183e+01 1.386216e+01
4.661590e-01 1.388361e+01
1.399921e+00 1.342178e+01
1.840594e+00 1.381022e+01
2.204204e+00 1.304583e+01
3.642116e+00 1.449370e+01
4.991556e+00 1.358484e+01
5.382808e+00 1.433317e+01
6.646517e+00 1.469221e+01
7.877530e+00 1.446706e+01
8.974531e+00 1.351778e+01
9.448005e+00 1.423585e+01
1.071971e+01 1.316530e+01
1.281479e+01 1.353701e+01
1.327532e+01 1.314966e+01
1.322695e+01 1.455340e+01
1.414485e+01 1.407978e+01
1.613140e+01 1.497314e+01
1.700023e+01 1.320906e+01
1.801005e+01 1.368710e+01
1.963668e+01 1.488306e+01
-7.971893e-01 1.435722e+01
1.720434e+00 1.547559e+01
2.918950e+00 1.461037e+01
3.612901e+00 1.406194e+01
3.060655e+00 1.544007e+01
5.731327e+00 1.535333e+01
5.943335e+00 1.431906e+01
6.723067e+00 1.413065e+01
7.910772e+00 1.546468e+01
8.079979e+00 1.596326e+01
1.020923e+01 1.449303e+01
1.136278e+01 1.463985e+01
1.294416e+01 1.530439e+01
1.256476e+01 1.533045e+01
1.417801e+01 1.576059e+01
1.417026e+01 1.461703e+01
1.518105e+01 1.493172e+01
1.620125e+01 1.556498e+01
1.749118e+01 1.415036e+01
1.829358e+01 1.585360e+01
4.129152e-01 1.612107e+01
7.740236e-01 1.558018e+01
1.042737e+00 1.652298e+01
3.873017e+00 1.602933e+01
4.240480e+00 1.510968e+01
5.000218e+00 1.688857e+01
6.593069e+00 1.693630e+01
7.167012e+00 1.629139e+01
8.218820e+00 1.552967e+01
9.797325e+00 1.596338e+01
9.989566e+00 1.611689e+01
1.017251e+01 1.643799e+01
1.241645e+01 1.540096e+01
1.274743e+01 1.578620e+01
1.385934e+01 1.686531e+01
1.588242e+01 1.641190e+01
1.647980e+01 1.632593e+01
1.747905e+01 1.688151e+01
1.771332e+01 1.690979e+01
1.981670e+01 1.596934e+01
-9.807715e-01 1.606976e+01
7.959316e-01 1.741331e+01
2.593144e+00 1.708755e+01
2.401994e+00 1.733397e+01
4.271018e+00 1.609825e+01
5.945850e+00 1.715540e+01
5.757751e+00 1.733863e+01
6.151422e+00 1.604856e+01
7.084303e+00 1.609480e+01
8.816393e+00 1.633534e+01
1.027674e+01 1.724970e+01
1.113551e+01 1.614280e+01
1.131938e+01 1.689924e+01
1.394230e+01 1.780147e+01
1.407352e+01 1.631004e+01
1.523292e+01 1.785443e+01
1.693447e+01 1.690352e+01
1.651142e+01 1.778549e+01
1.766642e+01 1.752470e+01
1.980835e+01 1.758020e+01
6.287148e-01 1.884297e+01
4.517931e-01 1.826134e+01
1.241378e+00 1.807590e+01
3.449090e+00 1.890567e+01
4.784031e+00 1.791307e+01
5.331016e+00 1.837694e+01
5.356096e+00 1.870667e+01
6.450744e+00 1.748952e+01
7.874142e+00 1.783793e+01
8.338485e+00 1.730971e+01
1.000053e+01 1.878808e+01
1.141326e+01 1.725959e+01
1.217566e+01 1.735968e+01
1.357166e+01 1.700319e+01
1.488037e+01 1.847639e+01
1.453636e+01 1.715971e+01
1.508577e+01 1.777337e+01
1.635905e+01 1.814045e+01
1.840569e+01 1.753602e+01
1.914758e+01 1.871235e+01
5.528734e-01 1.904959e+01
9.814407e-01 1.980916e+01
2.530618e+00 1.891813e+01
2.266318e+00 1.803669e+01
3.500668e+00 1.949993e+01
4.813913e+00 1.921484e+01
6.959899e+00 1.899739e+01
6.307727e+00 1.974068e+01
7.338530e+00 1.841043e+01
9.234282e+00 1.986385e+01
9.205572e+00 1.916284e+01
1.157254e+01 1.897214e+01
1.108457e+01 1.991611e+01
1.212263e+01 1.970853e+01
1.437810e+01 1.861701e+01
1.592312e+01 1.937165e+01
1.694765e+01 1.801925e+01
1.789403e+01 1.811875e+01
1.831832e+01 1.857477e+01
1.828658e+01 1.915134e+01
